STATISTICS on 144 Events
Average loss cone: 67.76deg
Average anti-loss cone: 112.24deg
PA binsize: 12deg
PA bin centers: 6.0000000       18.000000       30.000000       42.000000       54.000000       66.000000       78.000000       90.000000       102.00000       114.00000       126.00000       138.00000       150.00000       162.00000       174.00000

J_binned NUMBER FLUX  [cm-2 s-1 sr-1 MeV-1]: energy (16 rows) , pitch angle bins (15 columns)
       33173.785       27172.803       31518.986       47526.945       129841.62       275262.34       521308.88       620093.88       489265.16       226591.06       76688.078       27948.980       19664.701       17277.943       14746.530
       13556.988       11351.690       13021.213       19583.922       60382.617       124184.99       251486.48       294078.19       240455.30       102653.41       35251.277       11873.471       8382.8643       7508.5308       7978.1533
       9017.5254       6976.5659       7402.0718       11297.872       30758.082       60624.246       133691.81       139951.61       127225.73       50441.945       18319.867       6856.4800       4911.9702       4715.6372       5855.6523
       9511.6240       8838.3340       8530.4697       11930.661       29344.689       54731.125       118124.42       117836.46       113453.34       44574.875       17006.289       7144.6538       5167.3101       5645.5498       5448.8447
       8012.1270       6795.2070       6770.5308       9515.3691       18897.891       33897.977       70276.352       69128.242       66742.102       27047.336       10674.907       5056.6768       3745.0071       3978.3938       3453.8030
       7082.6909       5611.0337       5470.6616       8139.5483       13044.983       21150.742       40881.426       42375.277       39471.461       17276.975       7198.2817       3586.8730       2768.3416       3272.5957       2600.3413
       7254.4038       5167.8657       5237.6182       6834.5083       10614.222       17304.463       31058.754       32758.812       29045.797       13827.843       5715.8774       2800.7185       2276.4817       2524.1443       1676.2845
       5652.5176       4074.1108       4257.3008       5009.8506       7336.6528       11963.822       19708.055       19360.967       18393.094       8820.9639       3625.3621       1819.2080       1618.5381       1709.7625       679.35522
       1814.2815       3701.3145       3393.5842       4158.1685       5269.3921       8526.7793       13088.312       11204.132       12038.840       5423.0293       2540.1333       1348.1483       1113.3732       1077.1460       733.68481
       1799.7975       2870.0967       3159.4465       3333.5435       4106.7705       5482.0815       8246.3945       6525.5059       7523.0156       3411.4893       1735.5887       826.19147       696.24548       772.90686       378.61118
       1477.0891       1861.8644       1907.0531       2208.2644       2667.2568       3360.4404       4827.6182       3619.3655       4442.6299       2054.6094       1064.9689       637.09436       444.61148       477.46512       440.52518
       766.13739       1126.6399       1289.2894       1280.3713       1354.0573       1906.7810       2810.9990       1886.1182       2554.1282       1230.2977       629.42157       478.80774       497.94348       277.73618            -NaN
       324.21136       1574.3047       1009.5475       953.10217       1288.8641       1232.7820       1788.8790       993.68469       1470.4515       581.70135       446.77151       449.39557            -NaN            -NaN            -NaN
       0.0000000       666.73682       1735.7833       584.40845       690.51843       643.83069       952.12250       746.93994       784.96655       504.56250       434.11566            -NaN       0.0000000            -NaN       0.0000000
       0.0000000       423.57550       0.0000000       0.0000000       333.95926       302.80212       378.18436       0.0000000       451.78381       0.0000000       0.0000000       0.0000000       0.0000000       0.0000000       0.0000000
       0.0000000       0.0000000       0.0000000       0.0000000       0.0000000       0.0000000       44.621082       0.0000000       0.0000000       0.0000000       0.0000000       0.0000000       0.0000000       0.0000000       0.0000000


------------------------------------------------------------------------------------------------------------------------------------------------------------------------------------------------------
STATISTICS on 144 Events
Average loss cone: 67.76deg
Average anti-loss cone: 112.24deg
PA binsize: 10deg
PA bin centers:   5.0000000       15.000000       25.000000       35.000000       45.000000       55.000000       65.000000       75.000000       85.000000       95.000000       105.00000       115.00000       125.00000       135.00000       145.00000       155.00000       165.00000       175.00000

J_binned NUMBER FLUX  [cm-2 s-1 sr-1 MeV-1]: energy (16 rows) , pitch angle bins (18 columns)
       43418.980       27285.678       25733.346       36204.062       54422.566       137523.34       279497.53       476406.91       573021.69       558019.19       436587.88       221212.56       82941.094       29008.189       23641.682       16437.387       17627.520       16658.244
       17287.824       11976.244       9921.3193       16245.690       22144.361       63328.566       123547.12       231187.28       272384.91       270008.97       213025.92       99356.703       37506.273       13360.803       9645.9531       7264.9131       7537.5654       9192.3174
       11724.588       7362.8081       6358.7808       9384.2754       12090.261       32005.672       60712.297       117906.70       139331.80       137852.66       109374.73       49097.910       19167.037       7832.7153       5585.0723       4360.6567       4790.6445       6565.4912
       11874.526       9470.2646       7516.6865       10075.906       13066.292       30377.010       53774.211       101393.81       124681.09       122931.95       94744.984       42531.734       17628.314       8136.2788       5736.2710       5005.3057       5819.6655       6617.9966
       9923.7891       6718.2397       6247.2432       8308.5068       9916.4795       19458.764       32968.094       59825.488       74585.539       73892.430       55319.016       25131.395       10969.120       5497.1270       4265.6265       3759.1812       3880.1143       4064.3030
       9692.7100       5696.8608       4782.7852       7441.6748       7598.3550       13440.730       19937.703       34986.277       45111.121       44738.746       32934.781       15994.553       7275.0659       4166.8633       2948.9333       2888.4744       3228.3452       3089.1641
       9822.8555       5260.7041       4594.2212       6325.5161       6963.0254       10859.187       16326.416       27236.479       33653.301       34216.367       24773.611       12500.170       5883.6963       3407.3225       2271.4749       2395.0454       2245.5054       1826.8860
       7788.4346       3791.9482       4093.8547       4632.5029       5354.0918       7363.7793       11278.076       17111.297       21367.697       20866.436       15618.315       7888.8208       3771.3826       2042.0836       1597.2646       1703.9207       1400.7299       760.20111
       2038.9526       3003.5557       3442.7688       3795.4751       4423.0820       5338.2593       8428.4287       11010.635       13536.299       12776.006       10057.467       5061.8569       2703.4226       1360.0759       1199.8584       1063.3887       894.69513       766.13251
       2018.7378       2530.9561       2695.8975       3397.2168       3401.1086       4251.4546       5587.0908       6961.5742       7956.3970       8100.7700       5969.1938       3317.4316       1854.8591       844.13965       731.68463       697.10272       741.38812       443.83057
       1715.6779       1610.3405       1830.2845       2174.1384       2083.8721       2749.9509       3561.9648       4195.1553       4418.9248       4563.8589       3413.4204       2111.3372       1075.7993       633.43719       548.89600       447.58133       486.71133       407.98929
       813.29303       1133.2048       1058.5778       1334.0660       1169.8610       1365.9171       2028.4613       2354.8557       2607.4124       2636.8345       1925.1067       1296.2672       629.42157       457.55179       511.96906       280.61450       271.97949            -NaN
       380.06616       1808.8563       574.96484       1138.5920       735.32294       1327.9464       1470.1018       1396.6777       1570.6682       1435.7456       1169.9911       613.09595       446.77151            -NaN       449.39557            -NaN            -NaN            -NaN
       0.0000000       831.73834       446.73477       972.03119       578.66187       690.51843       643.83069       1019.9317       826.66412       812.64166       758.49176       504.56250       434.11566       0.0000000            -NaN       0.0000000            -NaN       0.0000000
       0.0000000       423.57550       0.0000000       0.0000000       0.0000000       333.95926       302.80212       413.68677       307.17960       514.46582       326.41977       0.0000000       0.0000000       0.0000000       0.0000000       0.0000000       0.0000000       0.0000000
       0.0000000       0.0000000       0.0000000       0.0000000       0.0000000       0.0000000       0.0000000       66.931625       0.0000000       0.0000000       0.0000000       0.0000000       0.0000000       0.0000000       0.0000000       0.0000000       0.0000000       0.0000000
