    0.0010000000       773.40106
       2.4414000       749.46710
       4.8828000       726.26910
       7.3242000       703.78918
       9.7656000       682.00507
       12.207000       660.89520
       14.648400       640.43878
       17.089800       620.61548
       19.531200       601.40540
       21.972700       582.78998
       24.414100       564.75110
       26.855500       547.27057
       29.296900       530.33105
       31.738300       513.91595
       34.179700       498.00888
       36.621100       482.59421
       39.062500       467.65665
       41.503900       453.18143
       43.945300       439.15427
       46.386700       425.56131
       48.828100       412.38907
       51.269500       399.62454
       53.710900       387.25510
       56.152300       375.26828
       58.593800       363.65253
       61.035200       352.39651
       63.476600       341.48892
       65.918000       330.91895
       68.359400       320.67612
       70.800800       310.75034
       73.242200       301.13181
       75.683600       291.81097
       78.125000       282.77866
       80.566400       274.02591
       83.007800       265.54410
       85.449200       257.32480
       87.890600       249.35992
       90.332000       241.64159
       92.773400       234.16214
       95.214800       226.91420
       97.656200       219.89047
       100.09770       213.08415
       102.53910       206.48863
       104.98050       200.09726
       107.42190       193.90373
       109.86330       187.90190
       112.30470       182.08583
       114.74610       176.44980
       117.18750       170.98822
       119.62890       165.69568
       122.07030       160.56697
       124.51170       155.59700
       126.95310       150.78085
       129.39450       146.11378
       131.83590       141.59119
       134.27730       137.20848
       136.71880       132.96143
       139.16020       128.84592
       141.60160       124.85780
       144.04300       120.99313
       146.48440       117.24807
       148.92580       113.61893
       151.36720       110.10213
       153.80860       106.69418
       156.25000       101.77901
       161.13280       95.575867
       166.01560       89.750786
       170.89840       84.280724
       175.78120       79.143997
       180.66410       74.320343
       185.54690       69.790726
       190.42970       65.537178
       195.31250       61.542873
       200.19530       57.792007
       205.07810       54.269745
       209.96090       50.962124
       214.84380       47.856094
       219.72660       44.939400
       224.60940       42.200470
       229.49220       39.628468
       234.37500       37.213223
       239.25780       34.945183
       244.14060       32.815372
       249.02340       30.815367
       253.90620       28.937237
       258.78910       27.173576
       263.67190       25.517424
       268.55470       23.962208
       273.43750       22.501778
       278.32030       21.130358
       283.20310       19.842522
       288.08590       18.633163
       292.96880       17.497513
       297.85160       16.431089
       302.73440       15.429660
       307.61720       14.489265
       312.50000       13.185038
       322.26560       11.626832
       332.03120       10.252769
       341.79690       9.0410919
       351.56250       7.9726171
       361.32810       7.0304103
       371.09380       6.1995535
       380.85940       5.4668913
       390.62500       4.8208151
       400.39060       4.2510920
       410.15620       3.7486961
       419.92190       3.3056736
       429.68750       2.9150095
       439.45310       2.5705125
       449.21880       2.2667284
       458.98440       1.9988468
       468.75000       1.7626234
       478.51560       1.5543169
       488.28120       1.3706270
       498.04690       1.2086458
       507.81250       1.0658082
       517.57810      0.93985057
       527.34380      0.82877862
       537.10940      0.73083371
       546.87500      0.64446390
       556.64060      0.56830126
       566.40620      0.50113922
       576.17190      0.44191435
       585.93750      0.38968900
       595.70310      0.34363538
       605.46880      0.30302441
       615.23440      0.26721305
       625.00000      0.22127263
       644.53120      0.17206299
       664.06250      0.13379718
       683.59380      0.10404152
       703.12500     0.080903396
       722.65620     0.062910989
       742.18750     0.048919953
       761.71880     0.038040463
       781.25000     0.029580522
       800.78120     0.023002001
       820.31250     0.017886490
       839.84380     0.013908646
       859.37500     0.010815458
       878.90620    0.0084101679
       898.43750    0.0065397955
       917.96880    0.0050853863
       937.50000    0.0039544310
       957.03120    0.0030749904
       976.56250    0.0023911304
       996.09380    0.0018593580
       1015.6250    0.0014458494
       1035.1562    0.0011243016
       1054.6875   0.00087426347
       1074.2188   0.00067983277
       1093.7500   0.00052864256
       1113.2812   0.00041107580
       1132.8125   0.00031965494
       1152.3438   0.00024856569
       1171.8750   0.00019328637
       1191.4062   0.00015030069
       1210.9375   0.00011687469
       1230.4688   9.0882495e-05
       1250.0000   6.2318933e-05
       1289.0625   3.7682490e-05
       1328.1250   2.2785529e-05
       1367.1875   1.3777761e-05
       1406.2500   8.3310206e-06
       1445.3125   5.0375311e-06
       1484.3750   3.0460517e-06
       1523.4375   1.8418608e-06
       1562.5000   1.1137208e-06
       1601.5625   6.7343530e-07
       1640.6250   4.0720715e-07
       1679.6875   2.4622659e-07
       1718.7500   1.4888622e-07
       1757.8125   9.0027257e-08
       1796.8750   5.4436921e-08
       1835.9375   3.2916457e-08
       1875.0000   1.9903645e-08
       1914.0625   1.2035168e-08
       1953.1250   7.2773241e-09
       1992.1875   4.4003907e-09
       2031.2500   2.6607911e-09
       2070.3125   1.6089047e-09
       2109.3750   9.7285890e-10
       2148.4375   5.8826011e-10
       2187.5000   3.5570416e-10
       2226.5625   2.1508419e-10
       2265.6250   1.3005529e-10
       2304.6875   7.8640733e-11
       2343.7500   4.7551813e-11
       2382.8125   2.8753229e-11
       2421.8750   1.7386259e-11
       2460.9375   1.0512977e-11
       2500.0000   4.9431639e-12
       2578.1250   1.8073575e-12
       2656.2500   6.6081998e-13
       2734.3750   2.4161407e-13
       2812.5000   8.8340793e-14
       2890.6250   3.2299840e-14
       2968.7500   1.1809716e-14
       3046.8750   4.3179592e-15
       3125.0000   1.5787654e-15
       3203.1250   5.7724035e-16
       3281.2500   2.1105505e-16
       3359.3750   7.7167573e-17
       3437.5000   2.8214601e-17
       3515.6250   1.0316039e-17
       3593.7500   3.7718294e-18
       3671.8750   1.3790853e-18
       3750.0000   5.0423178e-19
       3828.1250   1.8436110e-19
       3906.2500   6.7407523e-20
       3984.3750   2.4646056e-20
       4062.5000   9.0112806e-21
       4140.6250   3.2947737e-21
       4218.7500   1.2046604e-21
       4296.8750   4.4045722e-22
       4375.0000   1.6104335e-22
       4453.1250   5.8881910e-23
       4531.2500   2.1528857e-23
       4609.3750   7.8715460e-24
       4687.5000   2.8780551e-24
       4765.6250   1.0522967e-24
       4843.7500   3.8474879e-25
       4921.8750   1.4067480e-25
       5000.0000   3.1101041e-26
       5156.2500   4.1576995e-27
       5312.5000   5.5581626e-28
       5468.7500   7.4303521e-29
       5625.0000   9.9331627e-30
       5781.2500   1.3279010e-30
       5937.5000   1.7751860e-31
       6093.7500   2.3731325e-32
       6250.0000   3.1724892e-33
       6406.2500   4.2410978e-34
       6562.5000   5.6696526e-35
       6718.7500   7.5793959e-36
       6875.0000   1.0132409e-36
       7031.2500   1.3545370e-37
       7187.5000   1.8107940e-38
       7343.7500   2.4207347e-39
       7500.0000   3.2361306e-40
       7656.2500   4.3262287e-41
       7812.5000   5.7831588e-42
       7968.7500   7.7351675e-43
       8125.0000   1.0369609e-43
       8281.2500   1.4012985e-44
       8437.5000   1.4012985e-45
       8593.7500       0.0000000
       8750.0000       0.0000000
       8906.2500       0.0000000
       9062.5000       0.0000000
       9218.7500       0.0000000
       9375.0000       0.0000000
       9531.2500       0.0000000
       9687.5000       0.0000000
       9843.7500       0.0000000
